-92.00043755 -6651.34541768 -1565.44729471
1230.53436779 -4640.21729342 1629.27731885
28 10 35.5400009155 -364.829986572 38.1500015259 2.51579926908 12813.9475911
29 10 35.5400009155 -364.829986572 21.1299991608 1.53197413683 12876.9370117
30 10 35.5400009155 -364.829986572 4.11000013351 0.909754097462 12811.421875
31 10 35.5400009155 -364.829986572 -12.9099998474 0.980921119452 12786.8359375
32 10 35.5400009155 -364.829986572 -29.9300003052 1.51471054554 13032.7070312
24 18 79.4100036621 -248.240005493 107.430000305 1.34171819687 12293.078125
25 18 79.4100036621 -248.240005493 90.4100036621 4.89947301149 12416.5013672
26 18 79.4100036621 -248.240005493 73.3899993896 6.03120349348 12340.5968018
27 18 79.4100036621 -248.240005493 56.3699989319 2.4439471364 12266.9160156
18 27 124.970001221 -131.25 204.300003052 0.478698700666 11792.3916016
20 27 124.970001221 -131.25 170.259994507 1.82488059998 11821.2485352
21 27 124.970001221 -131.25 153.240005493 3.0392318964 11847.2514648
22 27 124.970001221 -131.25 136.220001221 1.14424228668 12264.2939453
23 27 124.970001221 -131.25 119.199996948 0.991044476628 11822.9970703
24 27 124.970001221 -131.25 102.180000305 1.83231133223 12887.4682617
26 27 124.970001221 -131.25 68.1399993896 0.684952676296 12077.71875
16 37 194.339996338 -30.9200000763 248.779998779 1.920122087 11341.4750977
17 37 194.339996338 -30.9200000763 231.759994507 0.649475157261 11399.6894531
12 47 195.029998779 125.589996338 314.609985352 1.27960860729 11086.6845703
14 47 195.029998779 125.589996338 280.559997559 1.00814366341 10962.9013672
15 47 195.029998779 125.589996338 263.540008545 1.23712816834 11253.5014648
8 57 257.309997559 211.660003662 385.279998779 0.998304724693 10510.9716797
9 57 257.309997559 211.660003662 368.260009766 0.307496845722 10472.4199219
10 57 257.309997559 211.660003662 351.239990234 0.958754181862 10688.8798828
11 57 257.309997559 211.660003662 334.220001221 1.98379713297 11016.5292969
4 58 382.350006104 238.899993896 447.480010986 1.33405315876 10294.734375
5 58 382.350006104 238.899993896 430.459991455 10.0843353271 11255.968099
2 66 303.410003662 335.640014648 495.929992676 2.38503015041 10190.0961914
3 66 303.410003662 335.640014648 478.910003662 4.4320191741 10006.614502
4 66 303.410003662 335.640014648 461.890014648 5.15073634684 10068.3730469
6 66 303.410003662 335.640014648 427.850006104 1.37122061849 10107.3413086
7 66 303.410003662 335.640014648 410.829986572 1.59067553282 10191.078125
4 74 338.440002441 463.720001221 454.660003662 0.977989569306 10319.5498047
5 74 338.440002441 463.720001221 437.640014648 1.08932375908 10670.0546875
1 82 106.940002441 27.0900001526 186.660003662 0.740802422166 12436.6567383
2 82 106.940002441 27.0900001526 176.649993896 1.62966156006 12442.3613281
3 82 106.940002441 27.0900001526 166.63999939 1.20787525177 12278.9970703
5 84 57.2000007629 -105.519996643 145.970001221 1.01576972008 12264.1123047
6 84 57.2000007629 -105.519996643 135.960006714 1.38417944312 12550.4458008
