193.17180109 -9137.03610965 -214.57270548
530.18303191 -5191.35574708 349.36869821
51	84	57.20000076	-105.5199966	-441.7399902	13.31190032	20928.11556
27	82	106.9400024	27.09000015	-272.8999939	8.312215172	18100.82988
30	82	106.9400024	27.09000015	-293.9200134	7.673658073	18254.41797
58	46	90.48999786	82.34999847	-468.519989	7.058655024	19339.44336
50	82	106.9400024	27.09000015	-434.1000061	6.747806266	18210.8763
34	81	41.59999847	35.49000168	-319.1000061	5.881460428	19652.40234
58	83	113.1900024	-60.47000122	-490.5	5.357120752	18594.25781
48	83	113.1900024	-60.47000122	-420.4200134	5.076627046	18661.64922
22	82	106.9400024	27.09000015	-237.8600006	5.00938756	17688.49447
47	83	113.1900024	-60.47000122	-413.4100037	4.986213267	18487.83398
19	82	106.9400024	27.09000015	-216.8300018	4.76330857	17429.75163
1	47	195.0299988	125.5899963	501.8299866	4.583087802	16259.88721
34	82	106.9400024	27.09000015	-321.9599915	4.574238934	17799.01009
49	82	106.9400024	27.09000015	-427.0899963	4.419777751	18268.46419
59	83	113.1900024	-60.47000122	-497.2799988	4.371157028	18785.27539
43	82	106.9400024	27.09000015	-385.0400085	4.278709024	17948.75469
42	82	106.9400024	27.09000015	-378.0299988	4.130592883	18264.90869
40	82	106.9400024	27.09000015	-364.0100098	4.114201695	17948.34648
58	82	106.9400024	27.09000015	-490.1600037	4.048812985	18917.52197
53	83	113.1900024	-60.47000122	-455.4599915	4.032018811	18848.2915
55	82	106.9400024	27.09000015	-469.1400146	3.930083513	18336.43424
46	82	106.9400024	27.09000015	-406.0599976	3.883803457	18103.52539
16	82	106.9400024	27.09000015	-195.8000031	3.871243715	17357.86572
18	82	106.9400024	27.09000015	-209.8200073	3.78471151	17463.30208
48	82	106.9400024	27.09000015	-420.0799866	3.742532402	18566.60254
53	82	106.9400024	27.09000015	-455.1199951	3.596111342	18314.77686
13	82	106.9400024	27.09000015	-174.7799988	3.576305658	17251.88818
57	36	46.29000092	-34.88000107	-452.1900024	3.55537194	18358.14502
39	82	106.9400024	27.09000015	-357	3.528615698	17882.79063
6	82	106.9400024	27.09000015	136.6000061	3.488237187	16575.41455
22	46	90.48999786	82.34999847	144.2299957	3.444676399	18501.05729
58	81	41.59999847	35.49000168	-487.2999878	3.292272985	20802.3776
37	83	113.1900024	-60.47000122	-343.3200073	3.235614106	18006.21159
25	82	106.9400024	27.09000015	-258.8800049	3.120317563	17472.45781
36	82	106.9400024	27.09000015	-335.980011	3.118691206	19202.40299
24	82	106.9400024	27.09000015	-251.8699951	3.08718203	17452.40479
11	82	106.9400024	27.09000015	-160.7599945	3.040403783	18883.19531
57	46	90.48999786	82.34999847	-451.5	2.987021744	19668.30404
4	82	106.9400024	27.09000015	156.6300049	2.96244783	16491.20703
12	82	106.9400024	27.09000015	-167.7700043	2.838166475	17978.85547
41	81	41.59999847	35.49000168	-368.1600037	2.823254168	18152.51107
53	84	57.20000076	-105.5199966	-455.7600098	2.812761545	19134.7666
33	82	106.9400024	27.09000015	-314.9500122	2.761028439	17891.98438
56	36	46.29000092	-34.88000107	-435.1700134	2.724138394	18317.43034
17	82	106.9400024	27.09000015	-202.8099976	2.55067426	17507.72982
59	36	46.29000092	-34.88000107	-486.230011	2.550156176	18715.375
43	83	113.1900024	-60.47000122	-385.3699951	2.479652882	18824.20996
32	82	106.9400024	27.09000015	-307.9400024	2.463021934	17818.78125
59	84	57.20000076	-105.5199966	-497.8099976	2.412781179	18925.25586
26	82	106.9400024	27.09000015	-265.8900146	2.390975595	17576.63574
17	46	90.48999786	82.34999847	229.3300018	2.36862725	16996.88281
46	83	113.1900024	-60.47000122	-406.3999939	2.361848772	18193.99609
20	82	106.9400024	27.09000015	-223.8399963	2.312127128	17393.74805
57	83	113.1900024	-60.47000122	-483.4899902	2.311131179	18623.9209
56	82	106.9400024	27.09000015	-476.1499939	2.303637028	18641.47266
54	82	106.9400024	27.09000015	-462.1300049	2.19329977	18213.61719
21	82	106.9400024	27.09000015	-230.8500061	2.156345069	17474.5944
5	47	195.0299988	125.5899963	433.75	2.141959161	15322.89258
57	82	106.9400024	27.09000015	-483.1600037	2.121579647	18260.63965
15	82	106.9400024	27.09000015	-188.8000031	2.092140019	18192.60303
16	46	90.48999786	82.34999847	246.3500061	2.071669281	16332.51758
59	85	-9.680000305	-79.5	-492.8200073	2.069706976	19160.85938
37	82	106.9400024	27.09000015	-342.980011	2.066907048	18521.48633
3	82	106.9400024	27.09000015	166.6399994	2.04308778	17113.52441
56	85	-9.680000305	-79.5	-471.7999878	2.023250461	19231.38379
4	47	195.0299988	125.5899963	450.769989	2.017913878	15291.47803
44	83	113.1900024	-60.47000122	-392.3800049	1.977121234	18416.05469
60	46	90.48999786	82.34999847	-502.5599976	1.970982969	19720.63477
56	83	113.1900024	-60.47000122	-476.480011	1.934712529	18832.41699
11	47	195.0299988	125.5899963	331.6300049	1.878187358	15813.66602
42	46	90.48999786	82.34999847	-196.1900024	1.872299671	17539.86523
58	37	194.3399963	-30.92000008	-466.0899963	1.845496297	21028.68555
35	82	106.9400024	27.09000015	-328.9700012	1.819313884	18178.12988
15	46	90.48999786	82.34999847	263.3699951	1.764651477	16117.96289
10	82	106.9400024	27.09000015	96.55000305	1.74561429	16555.22461
29	46	90.48999786	82.34999847	25.07999992	1.705973625	17340.3418
5	82	106.9400024	27.09000015	146.6100006	1.693095088	16397.87207
19	81	41.59999847	35.49000168	-213.9700012	1.65782167	17730.67513
12	47	195.0299988	125.5899963	314.6099854	1.649349093	16299.54688
8	82	106.9400024	27.09000015	116.5800018	1.6234449	16584.573
14	82	106.9400024	27.09000015	-181.7899933	1.618970573	17451.4502
39	83	113.1900024	-60.47000122	-357.3399963	1.581615508	18036.97461
36	81	41.59999847	35.49000168	-333.1099854	1.559133887	18005.14648
46	50	576.3699951	170.9199982	-271.8900146	1.552559853	6601.103516
52	36	46.29000092	-34.88000107	-367.0799866	1.548636466	18018.38281
45	82	106.9400024	27.09000015	-399.0499878	1.537009418	18179.34766
57	37	194.3399963	-30.92000008	-449.0700073	1.51886797	18623.20898
23	82	106.9400024	27.09000015	-244.8600006	1.49421072	17508.71875
50	46	90.48999786	82.34999847	-332.3500061	1.460397244	18132.83203
47	82	106.9400024	27.09000015	-413.0700073	1.446287632	18580.55273
33	83	113.1900024	-60.47000122	-315.2900085	1.429259941	18234.55534
50	83	113.1900024	-60.47000122	-434.4299927	1.417945743	18454.93164
56	84	57.20000076	-105.5199966	-476.7900085	1.342295557	18903.79492
7	83	113.1900024	-60.47000122	126.25	1.341293097	17077.33398
10	83	113.1900024	-60.47000122	96.20999908	1.33708334	17196.69336
44	82	106.9400024	27.09000015	-392.0400085	1.319514155	18193.16016
48	50	576.3699951	170.9199982	-305.9299927	1.318366647	7114.439453
10	47	195.0299988	125.5899963	348.6499939	1.30921948	15791.57813
13	47	195.0299988	125.5899963	297.5899963	1.285764337	15877.13721
57	85	-9.680000305	-79.5	-478.8099976	1.251695514	19592.84766
60	81	41.59999847	35.49000168	-501.6099854	1.251644135	18569.52148
22	81	41.59999847	35.49000168	-234.9900055	1.251117706	17947.70508
52	81	41.59999847	35.49000168	-445.25	1.251037955	19736.98438
53	81	41.59999847	35.49000168	-452.2600098	1.246502548	19097.77637
60	38	292.8999939	5.199999809	-512.8200073	1.231705546	19634
9	47	195.0299988	125.5899963	365.6700134	1.229423046	16038.49121
8	83	113.1900024	-60.47000122	116.2399979	1.222020388	17527.76563
59	82	106.9400024	27.09000015	-497.1700134	1.17625618	18486.2041
12	56	132.0299988	202.9799957	315.5100098	1.170842528	16258.20996
16	47	195.0299988	125.5899963	246.5200043	1.157829732	16007.42773
15	47	195.0299988	125.5899963	263.5400085	1.122675166	15843.10596
33	81	41.59999847	35.49000168	-312.0899963	1.107331276	19505.65039
56	46	90.48999786	82.34999847	-434.480011	1.077377439	20521.32227
52	84	57.20000076	-105.5199966	-448.75	1.073601961	18674.02637
38	83	113.1900024	-60.47000122	-350.3299866	1.072958112	17923.30469
50	36	46.29000092	-34.88000107	-333.0400085	1.072458148	17915.97461
9	82	106.9400024	27.09000015	106.5599976	1.07151413	16324.24023
12	46	90.48999786	82.34999847	314.4400024	1.071235299	16048.40039
36	83	113.1900024	-60.47000122	-336.3099976	1.0642308	18183.60352
40	83	113.1900024	-60.47000122	-364.3500061	1.059275627	18154.98047
14	47	195.0299988	125.5899963	280.5599976	1.055809855	15933.2207
20	46	90.48999786	82.34999847	178.2700043	1.053503871	16684.26367
60	83	113.1900024	-60.47000122	-505.4100037	1.039938211	19388.13086
47	37	194.3399963	-30.92000008	-278.8599854	0.96759063	18418.85547
58	84	57.20000076	-105.5199966	-490.7999878	0.964194059	18951.79102
60	37	194.3399963	-30.92000008	-500.1300049	0.94657284	18835.14258
59	46	90.48999786	82.34999847	-485.5400085	0.946245849	18624.43164
31	82	106.9400024	27.09000015	-300.9299927	0.938173294	17855.91016
21	46	90.48999786	82.34999847	161.25	0.90895313	16271.77393
43	81	41.59999847	35.49000168	-382.1700134	0.904957175	18308.01172
49	46	90.48999786	82.34999847	-315.3299866	0.878414869	19080.47266
55	81	41.59999847	35.49000168	-466.2799988	0.849482775	18766.44336
56	37	194.3399963	-30.92000008	-432.0499878	0.846973717	18363.94531
34	83	113.1900024	-60.47000122	-322.2999878	0.840469539	17915.92969
38	82	106.9400024	27.09000015	-349.9899902	0.784468055	18179.46484
45	83	113.1900024	-60.47000122	-399.3900146	0.780093729	18055.99414
55	85	-9.680000305	-79.5	-464.7900085	0.759211123	19677.29883
6	47	195.0299988	125.5899963	416.730011	0.737559557	15276.93945
56	81	41.59999847	35.49000168	-473.2900085	0.730324745	19171.32617
46	46	90.48999786	82.34999847	-264.269989	0.724259734	18438.31055
41	82	106.9400024	27.09000015	-371.019989	0.721007526	17966.89258
51	83	113.1900024	-60.47000122	-441.4400024	0.685556889	18505.27539
30	38	292.8999939	5.199999809	-2.200000048	0.676717162	17418.72266
60	82	106.9400024	27.09000015	-503.6199951	0.672014296	18466.56641
55	86	-10.97000027	6.71999979	-465.3800049	0.665011704	19433.87109
58	38	292.8999939	5.199999809	-478.7799988	0.664773345	19511.39453
50	81	41.59999847	35.49000168	-431.230011	0.639923811	19659.80469
18	46	90.48999786	82.34999847	212.3099976	0.625821412	16551.38086
28	46	90.48999786	82.34999847	42.09999847	0.585489213	17324.56836
42	81	41.59999847	35.49000168	-375.1700134	0.553120852	18095.58008
9	83	113.1900024	-60.47000122	106.2300034	0.551719189	17255.66406
38	81	41.59999847	35.49000168	-347.1300049	0.543686271	18780.375
13	46	90.48999786	82.34999847	297.4200134	0.511951447	16052.34961
43	46	90.48999786	82.34999847	-213.2100067	0.508856237	17734.60352
47	46	90.48999786	82.34999847	-281.2900085	0.503421307	19140.94531
29	38	292.8999939	5.199999809	14.81999969	0.488850772	17326.32422
20	81	41.59999847	35.49000168	-220.9799957	0.481987745	17621.73047
45	37	194.3399963	-30.92000008	-244.8200073	0.471497983	17730.29102
52	86	-10.97000027	6.71999979	-444.3500061	0.470582366	19699.64258
2	47	195.0299988	125.5899963	484.8099976	0.419481367	14945.81348
48	36	46.29000092	-34.88000107	-299	0.366683066	18060.24609
49	83	113.1900024	-60.47000122	-427.4200134	0.340353787	18170.05078
59	81	41.59999847	35.49000168	-494.3099976	0.327294797	18448.21289
53	86	-10.97000027	6.71999979	-451.3599854	0.314126551	18792.04883
14	56	132.0299988	202.9799957	281.4700012	0.267377615	16354.76563
