2270.04009905 -6406.83250214 -1173.71176972
-612.45303549 -4429.12717715 770.48857409
19 13 405.829986572 -306.380004883 188.759994507 1.07046365738 29783.8867188
21 13 405.829986572 -306.380004883 154.720001221 1.52679491043 28982.9472656
23 13 405.829986572 -306.380004883 120.680000305 1.25450766087 29283.203125
25 13 405.829986572 -306.380004883 86.6399993896 0.841842830181 29298.5742188
13 20 326.850006104 -209.070007324 294.179992676 0.957254469395 28419.234375
14 20 326.850006104 -209.070007324 277.149993896 2.86773383617 28311.1510417
20 20 326.850006104 -209.070007324 175.029998779 3.0447281599 28920.1621094
22 20 326.850006104 -209.070007324 140.990005493 2.42038547993 28807.0625
1 21 443.600006104 -194.160003662 516.66998291 3.05121925473 9903.36393229
2 21 443.600006104 -194.119995117 499.649993896 1.74302220345 10002.784668
4 21 443.660003662 -194.039993286 465.609985352 0.95342540741 10110.6972656
5 21 443.700012207 -194.020004272 448.589996338 1.01028263569 10136.5117188
7 21 443.799987793 -194.009994507 414.549987793 0.766295909882 10779.9443359
18 21 443.75 -194.289993286 227.320007324 1.27284634113 28450.203125
19 21 443.720001221 -194.259994507 210.300003052 2.28152954578 28451.5029297
20 21 443.720001221 -194.210006714 193.279998779 14.5435064733 28448.5762695
21 21 443.75 -194.169998169 176.259994507 43.6151213497 29206.3154576
22 21 443.799987793 -194.160003662 159.240005493 77.1270324886 28680.9117914
23 21 443.850006104 -194.179992676 142.220001221 35.339235194 29336.5771169
24 21 443.880004883 -194.220001221 125.199996948 14.3573356718 29508.4162598
25 21 443.920013428 -194.25 108.180000305 9.00098620355 28734.7095703
26 21 443.950012207 -194.289993286 91.1600036621 8.55121098459 29413.5363991
27 21 443.959991455 -194.339996338 74.1399993896 2.99801498652 29262.3782552
28 21 443.959991455 -194.380004883 57.1100006104 1.29473900795 29026.4707031
30 21 443.920013428 -194.470001221 23.0699996948 1.08404278755 29117.5332031
11 28 248.149993896 -111.870002747 327.829986572 2.32102513313 27697.0885417
12 28 248.149993896 -111.870002747 310.809997559 5.77806890011 27947.6771763
13 28 248.149993896 -111.870002747 293.790008545 6.68307783455 27851.2512429
14 28 248.149993896 -111.870002747 276.760009766 10.830356881 27831.8525391
15 28 248.149993896 -111.870002747 259.739990234 5.51005679369 27842.9938151
16 28 248.149993896 -111.870002747 242.720001221 2.9083057344 27846.1803385
17 28 248.149993896 -111.870002747 225.699996948 3.62434405088 27987.9433594
18 28 248.149993896 -111.870002747 208.679992676 0.496559709311 28180.6601562
20 28 248.149993896 -111.870002747 174.63999939 0.992166340351 28731.1855469
11 29 371.559997559 -92.1800003052 331.380004883 1.29775524139 28106.9160156
12 29 371.559997559 -92.1800003052 315.359985352 0.988709747791 28911.5234375
13 29 371.559997559 -92.1800003052 297.329986572 8.8709538579 28831.1328125
14 29 371.559997559 -92.1800003052 281.309997559 8.07931268215 28142.7971191
15 29 371.559997559 -92.1800003052 263.290008545 6.70977161825 29563.3993056
16 29 371.559997559 -92.1800003052 247.270004272 5.32529488206 28036.025
17 29 371.559997559 -92.1800003052 229.25 11.7258204296 28030.3920898
18 29 371.559997559 -92.1800003052 213.229995728 8.26040492952 28048.9224077
19 29 371.559997559 -92.1800003052 195.210006714 4.82167825103 28457.0015625
20 29 371.559997559 -92.1800003052 179.190002441 6.07353979349 28361.7622768
21 29 371.559997559 -92.1800003052 161.169998169 1.0848222971 28275.4423828
22 29 371.559997559 -92.1800003052 145.149993896 6.57066935301 29811.0015625
23 29 371.559997559 -92.1800003052 127.129997253 1.34783840179 28574.3554688
24 29 371.559997559 -92.1800003052 111.11000061 1.39822015166 28958.1962891
25 29 371.559997559 -92.1800003052 93.0899963379 0.336986899376 29549.8535156
19 30 500.429992676 -58.4500007629 195.479995728 1.22804573178 29021.5742188
20 30 500.429992676 -58.4500007629 178.460006714 0.826949179173 29497.0117188
4 36 46.2900009155 -34.8800010681 449.910003662 4.46761862934 27193.6289062
5 36 46.2900009155 -34.8800010681 432.890014648 1.36845108867 27353.1591797
3 37 194.339996338 -30.9200000763 470.049987793 0.704703688622 27487.7832031
5 37 194.339996338 -30.9200000763 436.010009766 0.213757708669 28311.2324219
6 37 194.339996338 -30.9200000763 418.989990234 0.766385912895 27499.6289062
7 37 194.339996338 -30.9200000763 401.970001221 3.04713994265 27666.7994792
8 37 194.339996338 -30.9200000763 384.950012207 2.17807036638 27646.2578125
9 37 194.339996338 -30.9200000763 367.929992676 22.2174518555 27291.834324
10 37 194.339996338 -30.9200000763 350.910003662 59.9164443463 27265.5922241
11 37 194.339996338 -30.9200000763 333.890014648 115.287799478 27585.3387451
12 37 194.339996338 -30.9200000763 316.869995117 15.4356976748 27914.0814568
13 37 194.339996338 -30.9200000763 299.850006104 13.8191297948 27504.1514423
14 37 194.339996338 -30.9200000763 282.820007324 5.91905720532 27813.3041295
15 37 194.339996338 -30.9200000763 265.799987793 2.75621324778 27778.4583333
16 37 194.339996338 -30.9200000763 248.779998779 0.280189424753 28027.4726562
17 37 194.339996338 -30.9200000763 231.759994507 1.33009469509 28017.4238281
19 37 194.339996338 -30.9200000763 197.720001221 0.366825908422 27981.4121094
10 38 292.899993896 5.19999980927 338.220001221 1.92816185951 27759.2539062
11 38 292.899993896 5.19999980927 321.200012207 1.35488070548 27988.4628906
12 38 292.899993896 5.19999980927 304.179992676 1.54012650251 28214.8330078
13 38 292.899993896 5.19999980927 287.160003662 3.56963133812 28815.3229167
14 38 292.899993896 5.19999980927 270.130004883 0.869872331619 27774.1953125
15 38 292.899993896 5.19999980927 253.11000061 0.563396990299 27746.4785156
16 38 292.899993896 5.19999980927 236.089996338 7.11715447903 28775.7675781
17 38 292.899993896 5.19999980927 219.070007324 0.920540392399 28451.3623047
1 45 -32.9599990845 62.4399986267 495.809997559 5.94293387234 26509.6689453
2 45 -32.9599990845 62.4399986267 478.790008545 3.51752942055 26521.4136719
3 45 -32.9599990845 62.4399986267 461.769989014 7.01916497946 26584.0463867
4 45 -32.9599990845 62.4399986267 444.75 2.81535243988 26540.84375
5 45 -32.9599990845 62.4399986267 427.730010986 3.13844624162 26622.1809896
6 45 -32.9599990845 62.4399986267 410.709991455 0.527538299561 26811.7910156
8 45 -32.9599990845 62.4399986267 376.670013428 1.5950871706 26862.0957031
1 46 90.4899978638 82.3499984741 501.660003662 1.26057255268 26827.5703125
2 46 90.4899978638 82.3499984741 484.640014648 2.37884010375 26991.7841797
3 46 90.4899978638 82.3499984741 467.619995117 11.931281209 27274.0171274
4 46 90.4899978638 82.3499984741 450.600006104 11.1982777119 26940.0099432
5 46 90.4899978638 82.3499984741 433.579986572 11.3223689049 27284.1936384
6 46 90.4899978638 82.3499984741 416.559997559 10.6474137753 27439.3736478
7 46 90.4899978638 82.3499984741 399.540008545 4.47972175479 28342.3343099
8 46 90.4899978638 82.3499984741 382.519989014 2.88316005468 27183.4824219
9 46 90.4899978638 82.3499984741 365.5 4.4336720705 27151.5561523
10 46 90.4899978638 82.3499984741 348.480010986 0.821273624897 27204.0097656
1 54 -111.510002136 159.979995728 500.529998779 0.758542776108 26146.6054688
2 54 -111.510002136 159.979995728 483.510009766 1.04065188766 26263.1601562
4 54 -111.510002136 159.979995728 449.470001221 1.12173366547 26599.4257812
1 55 11.8699998856 179.190002441 502.339996338 1.58609902859 27362.7285156
3 55 11.8699998856 179.190002441 468.299987793 1.12876200676 26581.1152344
5 55 11.8699998856 179.190002441 434.260009766 1.29148793221 26965.6914062