1336.037448 -9016.19701368 -760.14998505
-1397.50281252 -6515.02419386 747.12973997
55 26 1.71000003815 -150.630004883 -421.869995117 0.730477690697 15776.7304688
56 26 1.71000003815 -150.630004883 -438.890014648 1.17658793926 15043.9121094
57 36 46.2900009155 -34.8800010681 -452.190002441 5.16074573994 12546.6292969
58 36 46.2900009155 -34.8800010681 -469.209991455 6.98048172146 12209.1861049
59 36 46.2900009155 -34.8800010681 -486.230010986 22.3270827681 13380.7503906
60 36 46.2900009155 -34.8800010681 -503.25 1.39585870504 12486.9990234
42 44 -156.229995728 43.3699989319 -197.020004272 1.28264880925 11384.8076172
44 44 -156.229995728 43.3699989319 -231.059997559 0.65315425396 11757.8613281
46 44 -156.229995728 43.3699989319 -265.100006104 0.320829749107 11375.7109375
39 53 -234.949996948 140.440002441 -146.720001221 1.0636203289 10799.8476562
40 53 -234.949996948 140.440002441 -163.740005493 2.6321041882 11214.4739583
42 53 -234.949996948 140.440002441 -197.789993286 1.94336348772 10959.3071289
34 60 -437.040008545 217.800003052 -60.2200012207 1.09388160706 9881.28125
36 60 -437.040008545 217.800003052 -94.2600021362 0.460579901934 10368.4873047
49 81 41.5999984741 35.4900016785 -424.230010986 1.23849916458 12309.6533203
50 81 41.5999984741 35.4900016785 -431.230010986 1.42952930927 12397.1494141
51 81 41.5999984741 35.4900016785 -438.239990234 1.65515506268 12357.4829102
52 81 41.5999984741 35.4900016785 -445.25 2.24463349581 12924.6655273
53 81 41.5999984741 35.4900016785 -452.260009766 1.51988446712 12345.4199219
54 81 41.5999984741 35.4900016785 -459.269989014 1.49063891172 12474.934082
55 81 41.5999984741 35.4900016785 -466.279998779 1.60956388712 12372.5732422
56 81 41.5999984741 35.4900016785 -473.290008545 2.55314005911 12429.029541
59 81 41.5999984741 35.4900016785 -494.309997559 2.68679080158 12291.6458333
60 81 41.5999984741 35.4900016785 -501.609985352 0.953526973724 12221.1123047
57 82 106.940002441 27.0900001526 -483.160003662 0.5775796175 12735.4794922
59 82 106.940002441 27.0900001526 -497.170013428 0.746057629585 12730.6591797
49 83 113.190002441 -60.4700012207 -427.420013428 0.406872749329 12718.9423828
51 83 113.190002441 -60.4700012207 -441.440002441 2.65383440256 12883.2539062
52 83 113.190002441 -60.4700012207 -448.450012207 3.76184457541 12744.576416
54 83 113.190002441 -60.4700012207 -462.470001221 3.5045902133 13190.8186849
55 83 113.190002441 -60.4700012207 -469.480010986 3.1995022893 12883.6025391
50 84 57.2000007629 -105.519996643 -434.739990234 1.25290453434 12910.1757812
52 84 57.2000007629 -105.519996643 -448.75 0.86874383688 12638.7246094
53 84 57.2000007629 -105.519996643 -455.760009766 0.381128460169 12906.5419922
58 84 57.2000007629 -105.519996643 -490.799987793 4.57718229294 13332.5677083
59 84 57.2000007629 -105.519996643 -497.809997559 0.970437169075 12759.1630859
60 84 57.2000007629 -105.519996643 -504.299987793 1.29535114765 13127.015625
54 85 -9.68000030518 -79.5 -457.779998779 0.58177536726 12219.8896484
56 85 -9.68000030518 -79.5 -471.799987793 1.46796274185 12347.4316406
58 85 -9.68000030518 -79.5 -485.809997559 7.54610550404 14530.3238932
44 86 -10.970000267 6.71999979019 -388.279998779 2.78597301245 12050.2177734
46 86 -10.970000267 6.71999979019 -402.299987793 0.98899179697 12247.9658203
47 86 -10.970000267 6.71999979019 -409.309997559 2.69836354256 12556.8701172
48 86 -10.970000267 6.71999979019 -416.320007324 4.71036446095 12696.1806641
49 86 -10.970000267 6.71999979019 -423.329986572 0.640751123428 11906.9765625
50 86 -10.970000267 6.71999979019 -430.329986572 3.918040663 13241.519043
51 86 -10.970000267 6.71999979019 -437.339996338 7.38134091347 12260.7050781
52 86 -10.970000267 6.71999979019 -444.350006104 6.91702565551 11978.1692708
53 86 -10.970000267 6.71999979019 -451.359985352 3.8485122323 11900.5595703
54 86 -10.970000267 6.71999979019 -458.369995117 5.52904802561 11920.7332031
55 86 -10.970000267 6.71999979019 -465.380004883 6.55125570297 12054.4847935
56 86 -10.970000267 6.71999979019 -472.390014648 5.05865716934 13153.8172201
57 86 -10.970000267 6.71999979019 -479.390014648 4.11358240247 11973.1708984
58 86 -10.970000267 6.71999979019 -486.399993896 2.07404261827 12110.90625
59 86 -10.970000267 6.71999979019 -493.410003662 2.04420602322 12481.9926758
60 86 -10.970000267 6.71999979019 -500.730010986 1.91833233833 13501.4453125
